1475,13.75,14.75,0.44,83,000290.980
1475,13.78,14.69,0.42,84,000291.080
1475,13.84,14.64,0.45,51,000291.180
1475,13.88,14.59,0.43,87,000291.290
1475,13.92,14.56,0.42,51,000291.390
1475,13.96,14.56,0.53,96,000291.490
1475,13.97,14.55,0.52,51,000291.590
1475,13.58,14.82,0.68,56,000294.590
1475,13.40,14.77,0.58,84,000294.790
1475,13.31,14.74,0.53,84,000294.890
1475,13.24,14.73,0.62,60,000294.990
1475,13.20,14.71,0.65,93,000295.090
1475,13.17,14.67,0.70,96,000295.190
1475,13.12,14.60,0.66,88,000295.290
1475,13.16,14.53,0.68,87,000295.390
1475,13.16,14.45,0.63,80,000295.490
1475,nan,nan,nan,0,000295.590
1475,13.19,14.33,0.59,83,000295.790
1475,13.19,14.27,0.59,83,000295.890
1475,13.23,14.23,0.66,86,000296.000
1475,13.24,14.18,0.70,86,000296.100
1475,13.24,14.14,0.69,82,000296.200
1475,13.23,14.10,0.67,81,000296.300
1475,13.22,14.09,0.64,80,000296.400
1475,13.17,14.08,0.61,82,000296.500
1475,13.21,14.07,0.69,86,000296.600
1475,13.22,14.07,0.77,89,000296.700
1475,13.21,14.08,0.81,93,000296.800
1475,13.24,14.11,0.84,88,000297.000
1475,13.16,14.22,0.66,60,000297.400
1475,13.19,14.27,0.63,83,000297.500
1475,13.21,14.31,0.62,58,000297.600
1475,13.27,14.34,0.70,87,000297.700
1475,13.27,14.36,0.66,84,000297.800
1475,13.32,14.37,0.66,56,000297.900
1475,13.40,14.39,0.65,56,000298.100
1475,13.40,14.39,0.65,57,000298.200
1475,13.45,14.38,0.62,55,000298.300
1475,13.60,14.32,0.58,54,000298.500
1475,13.95,14.21,0.62,60,000299.300
1475,13.93,14.47,0.68,68,000299.700
1475,13.91,14.52,0.63,66,000299.800
1475,13.85,14.57,0.54,67,000299.900
1475,13.85,14.60,0.58,71,000300.000
1475,13.87,14.69,0.70,73,000300.100
1475,13.87,14.70,0.66,66,000300.200
1475,13.85,14.70,0.62,69,000300.300
1475,13.90,14.69,0.63,62,000300.400
1475,13.86,14.68,0.59,69,000300.500
1475,13.91,14.68,0.67,64,000300.600
1475,13.97,14.64,0.65,55,000300.700
1475,14.03,14.60,0.58,54,000300.800
1475,14.08,14.57,0.66,57,000300.910
1475,14.12,14.55,0.71,57,000301.010
1475,14.15,14.52,0.72,57,000301.110
1475,14.18,14.50,0.63,54,000301.210
1475,14.21,14.49,0.57,56,000301.310
1475,14.24,14.47,0.46,54,000301.510
1475,14.24,14.54,0.48,59,000301.710
1475,14.25,14.59,0.49,62,000301.810
1475,13.99,14.73,0.46,86,000302.610
1475,13.97,14.72,0.42,84,000302.710
1475,13.99,14.71,0.46,56,000302.810
1475,14.00,14.69,0.54,56,000302.910
1475,13.84,14.70,0.45,56,000303.110
1475,13.85,14.63,0.54,95,000303.210
1475,13.81,14.58,0.57,89,000303.310
1475,13.81,14.55,0.53,52,000303.410
1475,13.85,14.50,0.54,92,000303.510
1475,nan,nan,nan,0,000303.610
1475,13.32,13.99,0.68,75,000306.420
1475,13.24,13.92,0.69,87,000306.520
1475,nan,nan,nan,0,000306.620
1475,nan,nan,nan,0,000306.720
1475,13.06,13.70,0.96,68,000306.820
1475,13.01,13.62,0.89,73,000306.920
1475,12.91,13.56,0.85,77,000307.020
1475,12.80,13.50,0.83,67,000307.120
1475,12.68,13.45,0.86,62,000307.220
1475,12.58,13.40,0.82,77,000307.320
1475,nan,nan,nan,0,000307.420
1475,12.38,13.37,0.55,93,000307.520
1475,12.29,13.33,0.62,84,000307.620
1475,12.18,13.21,0.85,64,000307.720
1475,12.04,13.11,0.81,64,000307.820
1475,12.00,13.02,1.11,59,000307.920
1475,11.83,12.91,0.97,87,000308.020
1475,11.72,12.86,1.21,63,000308.120
1475,11.59,12.81,0.94,65,000308.220
1475,11.46,12.74,1.14,63,000308.320
1475,11.35,12.61,0.99,56,000308.420
1475,11.23,12.53,0.91,57,000308.520
1475,11.14,12.43,0.80,79,000308.620
1475,11.03,12.35,0.73,54,000308.720
1475,10.91,12.24,0.63,53,000308.820
1475,10.83,12.21,0.60,53,000308.920
1475,10.73,12.13,0.53,54,000309.020
1475,10.61,12.00,0.60,67,000309.120
1475,10.54,11.87,0.52,66,000309.220
1475,10.42,11.78,0.53,71,000309.320
1475,10.32,11.74,0.46,66,000309.420
1475,10.20,11.70,0.48,73,000309.520
1475,10.09,11.66,0.48,78,000309.620
1475,10.01,11.64,0.45,72,000309.720
1475,9.91,11.63,0.42,74,000309.820
1475,9.79,11.52,0.40,79,000309.920
1475,9.73,11.52,0.40,75,000310.020
1475,9.67,11.46,0.28,72,000310.120
1475,9.58,11.39,0.26,75,000310.220
1475,9.50,11.32,0.34,81,000310.320
1475,9.44,11.21,0.31,80,000310.420
1475,9.32,11.15,0.33,77,000310.520
1475,9.20,11.08,0.41,79,000310.620
1475,9.13,11.00,0.42,81,000310.720
1475,9.04,10.96,0.47,79,000310.820
1475,8.96,10.93,0.42,74,000310.920
1475,8.85,10.89,0.40,74,000311.020
1475,8.76,10.87,0.30,67,000311.130
1475,8.69,10.87,0.22,67,000311.230
1475,8.62,10.83,0.21,71,000311.330
1475,8.52,10.77,0.12,81,000311.430
1475,8.56,10.71,0.18,94,000311.530
1475,8.43,10.55,0.22,87,000311.630
1475,8.33,10.43,0.23,86,000311.730
1475,8.19,10.29,0.23,72,000311.830
1475,8.07,10.16,0.24,73,000311.930
1475,nan,nan,nan,0,000312.030
1475,nan,nan,nan,0,000312.130
1475,nan,nan,nan,0,000312.230
1475,7.86,9.94,0.05,86,000312.330
1475,nan,nan,nan,0,000312.430
1475,nan,nan,nan,0,000312.530
1475,7.71,9.71,0.11,75,000312.630
1475,nan,nan,nan,0,000312.730
1475,7.49,9.54,0.21,96,000312.830
1475,nan,nan,nan,0,000312.930
1475,7.39,9.27,0.28,80,000313.030
1475,7.26,9.05,0.38,73,000313.130
1475,nan,nan,nan,0,000313.230
1475,nan,nan,nan,0,000313.330
1475,6.96,8.81,0.39,65,000313.430
1475,6.64,8.62,0.52,84,000313.530
1475,6.54,8.45,0.49,65,000313.630
1475,6.56,8.19,0.38,63,000313.730
1475,6.43,8.05,0.40,79,000313.830
1475,nan,nan,nan,0,000313.930
1475,nan,nan,nan,0,000314.030
1475,6.28,7.92,0.51,91,000314.130
1475,6.02,7.65,0.65,96,000314.330
1475,5.87,7.44,0.62,78,000314.430
1475,5.73,7.26,0.67,81,000314.530
1475,5.60,7.08,0.71,70,000314.630
1475,nan,nan,nan,0,000314.730
1475,5.31,6.77,0.53,72,000314.930
1475,5.24,6.68,0.58,74,000315.030
1475,5.17,6.58,0.63,95,000315.130
1475,5.10,6.49,0.63,92,000315.230
1475,4.91,6.23,0.58,61,000315.540
1475,4.89,6.05,0.52,55,000315.640
1475,4.87,5.89,0.48,53,000315.740
1475,4.80,5.79,0.44,53,000315.840
1475,4.60,5.58,0.56,60,000316.040
1475,4.49,5.42,0.58,67,000316.140
1475,4.38,5.26,0.65,73,000316.240
1475,4.30,5.11,0.57,72,000316.340
1475,4.17,4.96,0.47,76,000316.440
1475,3.99,4.74,0.52,91,000316.540
1475,3.99,4.67,0.52,78,000316.640
1475,3.93,4.55,0.62,88,000316.740
1475,3.80,4.21,0.57,92,000317.040
1475,3.69,4.05,0.49,91,000317.140
1475,3.29,3.35,0.35,92,000317.840
1475,3.26,3.17,0.32,91,000317.940
1475,3.24,3.02,0.35,94,000318.040
1475,1.41,-0.16,0.72,66,000321.650
1475,1.39,-0.17,0.72,91,000321.750
1475,1.30,-0.43,0.76,86,000322.450
1475,1.34,-0.45,0.69,67,000322.950
1475,1.32,-0.50,0.70,69,000323.050
1475,1.17,-0.56,0.67,68,000325.350
1475,1.14,-0.49,0.69,88,000325.450
1475,1.07,-1.11,0.74,76,000327.260
1475,1.12,-1.02,0.65,71,000327.560
1475,1.12,-0.99,0.66,71,000327.660
1475,1.10,-0.95,0.63,71,000327.760
1475,1.12,-0.88,0.64,74,000327.860
1475,1.13,-0.81,0.69,79,000327.960
1475,1.13,-0.77,0.74,78,000328.060
1475,1.15,-0.75,0.70,70,000328.160
1475,1.13,-0.75,0.73,70,000328.260
1475,nan,nan,nan,0,000328.360
1475,1.11,-0.76,0.73,70,000328.460
1475,1.09,-0.79,0.70,71,000328.560
1475,nan,nan,nan,0,000328.660
1475,nan,nan,nan,0,000328.760
1475,nan,nan,nan,0,000328.860
1475,nan,nan,nan,0,000328.960
1475,nan,nan,nan,0,000329.060
1475,nan,nan,nan,0,000329.560
1475,1.17,-0.65,0.75,83,000332.370
1475,1.17,-0.66,0.67,71,000333.870
