1475,7.52,4.12,2.33,50,001165.020
1475,7.48,4.13,2.24,56,001165.120
1475,7.54,4.13,2.37,53,001165.220
1475,7.57,4.12,2.50,50,001165.320
1475,7.59,4.11,2.60,50,001165.420
1475,7.60,4.10,2.63,53,001165.520
1475,7.62,4.08,2.66,53,001165.620
1475,7.55,4.09,2.44,56,001165.720
1475,7.53,4.06,2.53,50,001165.820
1475,7.51,4.07,2.37,59,001165.920
1475,7.52,4.07,2.41,53,001166.020
1475,7.52,4.06,2.48,52,001166.120
1475,7.56,4.06,2.59,50,001166.220
1475,7.60,4.07,2.62,54,001166.320
1475,7.63,4.10,2.77,50,001166.420
1475,7.63,4.18,2.50,58,001166.520
1475,7.63,4.24,2.25,58,001166.620
1475,7.62,4.29,2.17,56,001166.720
1475,7.55,4.38,1.96,52,001166.820
1475,7.57,4.42,1.87,56,001166.920
1475,7.61,4.35,2.18,49,001167.020
1475,7.67,4.32,2.37,50,001167.120
1475,7.68,4.29,2.45,53,001167.220
1475,7.70,4.26,2.59,49,001167.320
1475,7.67,4.19,2.68,50,001167.420
1475,7.65,4.15,2.76,50,001167.520
1475,7.63,4.12,2.82,50,001167.620
1475,7.62,4.08,2.92,51,001167.720
1475,7.65,4.11,2.89,52,001167.830
1475,7.62,4.06,2.93,51,001167.930
1475,7.66,4.11,2.85,55,001168.030
1475,7.68,4.12,2.90,48,001168.130
1475,7.64,4.08,2.87,51,001168.230
1475,7.62,4.05,2.88,50,001168.330
1475,7.65,4.07,2.92,49,001168.430
1475,7.64,4.05,2.96,50,001168.530
1475,7.66,4.07,2.82,58,001168.630
1475,7.65,4.08,2.83,50,001168.730
1475,7.67,4.09,2.18,59,001168.830
1475,7.60,4.10,2.08,57,001168.930
1475,7.63,4.09,2.28,52,001169.030
1475,7.62,4.05,2.39,53,001169.130
1475,7.59,3.97,2.55,50,001169.230
1475,7.56,3.95,2.35,64,001169.330
1475,7.54,3.96,2.08,76,001169.430
1475,7.51,3.90,1.93,77,001169.530
1475,7.38,3.77,2.16,55,001169.630
1475,7.21,3.74,2.02,57,001169.730
1475,7.00,3.67,2.02,60,001169.830
1475,6.89,3.66,2.10,59,001169.930
1475,6.81,3.67,2.19,59,001170.030
1475,6.75,3.68,2.34,60,001170.130
1475,6.68,3.71,2.32,60,001170.230
1475,6.67,3.74,2.44,59,001170.330
1475,6.62,3.86,2.02,60,001170.430
1475,6.62,3.98,1.71,59,001170.530
1475,6.63,4.04,1.62,58,001170.630
1475,6.78,4.00,1.94,54,001170.730
1475,7.05,4.09,2.17,51,001170.830
1475,7.68,4.51,2.30,55,001170.930
1475,nan,nan,nan,0,001171.130
1475,nan,nan,nan,0,001171.230
1475,nan,nan,nan,0,001171.330
1475,nan,nan,nan,0,001171.430
1475,nan,nan,nan,0,001171.530
1475,nan,nan,nan,0,001171.630
1475,8.84,7.91,2.54,80,001171.730
1475,8.78,9.97,2.41,87,001171.830
1475,8.63,11.57,2.67,95,001171.930
1475,8.27,12.70,2.81,97,001172.030
1475,7.64,13.46,2.75,86,001172.130
1475,6.90,13.42,2.36,68,001172.230
1475,5.41,13.36,2.93,43,001172.430
1475,4.66,13.23,3.48,58,001172.530
1475,4.09,12.87,3.72,67,001172.630
1475,3.56,12.39,3.80,76,001172.740
1475,3.21,11.74,3.70,75,001172.840
1475,3.10,11.07,2.92,78,001172.940
1475,3.00,10.32,2.44,72,001173.040
1475,2.85,9.35,2.02,58,001173.140
1475,2.77,8.48,2.17,83,001173.240
1475,2.79,7.50,2.10,78,001173.340
1475,3.10,6.75,1.81,77,001173.440
1475,3.35,5.78,1.74,89,001173.540
1475,3.92,5.00,1.49,51,001173.640
1475,4.52,4.27,1.44,60,001173.740
1475,5.95,3.16,1.30,71,001173.940
1475,6.66,2.74,1.30,78,001174.040
1475,7.41,2.34,1.53,69,001174.140
1475,8.16,2.09,1.68,64,001174.240
1475,8.88,1.89,1.77,54,001174.340
1475,9.53,1.72,1.43,47,001174.440
1475,10.02,1.57,1.62,40,001174.540
1475,10.49,1.53,1.74,52,001174.640
1475,11.10,1.65,1.86,60,001174.740
1475,11.55,1.70,1.91,61,001174.840
1475,12.01,1.88,1.97,64,001174.940
1475,12.45,2.11,1.98,66,001175.040
1475,12.62,2.24,2.05,61,001175.140
1475,12.79,2.40,2.06,62,001175.240
1475,12.93,2.59,2.08,63,001175.340
1475,13.05,2.86,1.63,57,001175.440
1475,13.10,3.14,1.23,52,001175.540
1475,13.13,3.40,0.95,52,001175.640
1475,13.17,3.70,0.63,42,001175.740
1475,13.20,3.92,0.44,51,001175.840
1475,13.28,4.05,0.32,52,001175.940
1475,13.37,4.12,0.25,55,001176.040
1475,13.40,4.20,0.20,55,001176.140
1475,13.45,4.25,0.14,49,001176.240
1475,13.47,4.29,0.09,51,001176.340
1475,13.46,4.32,0.06,51,001176.440
1475,13.49,4.34,0.04,52,001176.540
1475,13.52,4.35,0.05,50,001176.640
1475,13.54,4.36,0.05,49,001176.740
1475,13.54,4.36,0.05,49,001176.840
1475,nan,nan,nan,0,001176.940
1475,13.55,4.40,0.00,54,001177.040
1475,13.55,4.40,0.00,53,001177.140
1475,13.57,4.40,0.01,49,001177.240
1475,13.58,4.39,0.01,49,001177.340
1475,13.57,4.39,-0.01,50,001177.440
1475,13.57,4.39,0.01,49,001177.540
1475,13.60,4.38,0.02,51,001177.640
1475,13.59,4.37,0.02,49,001177.750
1475,13.60,4.36,0.02,54,001177.850
1475,13.60,4.36,0.03,50,001177.950
1475,13.55,4.37,0.03,51,001178.050
1475,13.57,4.37,0.01,49,001178.150
1475,13.58,4.37,0.02,49,001178.250
1475,13.57,4.37,0.01,49,001178.350
1475,13.58,4.38,0.00,49,001178.450
1475,13.56,4.39,-0.02,50,001178.550
1475,13.57,4.38,0.02,50,001178.650
1475,13.55,4.39,0.02,55,001178.750
1475,13.56,4.39,0.03,49,001178.850
1475,13.55,4.40,0.02,50,001178.950
1475,13.57,4.39,0.01,53,001179.050
1475,13.58,4.38,0.03,50,001179.150
1475,13.58,4.38,0.02,49,001179.250
1475,13.59,4.38,0.04,50,001179.350
1475,13.57,4.38,0.05,50,001179.450
1475,13.56,4.38,0.03,50,001179.550
1475,13.57,4.38,0.03,49,001179.650
1475,13.58,4.37,0.03,54,001179.750
1475,13.55,4.38,0.02,50,001179.850
1475,13.55,4.38,0.01,54,001179.950
1475,13.58,4.37,0.01,52,001180.050
1475,13.60,4.37,0.03,55,001180.150
1475,13.59,4.36,0.03,49,001180.250
1475,13.59,4.37,0.05,49,001180.350
1475,13.58,4.38,0.04,49,001180.450
1475,13.58,4.36,0.05,49,001180.550
1475,13.57,4.37,0.04,54,001180.650
1475,13.58,4.37,0.04,49,001180.750
